1.0000 0.4786 0.9846 0.9824 0.9849 0.5647 0.9816 0.9841 0.9792 0.9823
0.4786 1.0000 0.4790 0.4780 0.4778 0.3406 0.4780 0.4782 0.4767 0.4774
0.9846 0.4790 1.0000 0.9772 0.9807 0.5667 0.9780 0.9808 0.9782 0.9808
0.9824 0.4780 0.9772 1.0000 0.9832 0.5638 0.9779 0.9804 0.9757 0.9827
0.9849 0.4778 0.9807 0.9832 1.0000 0.5656 0.9800 0.9839 0.9783 0.9840
0.5647 0.3406 0.5667 0.5638 0.5656 1.0000 0.5652 0.5670 0.5644 0.5656
0.9816 0.4780 0.9780 0.9779 0.9800 0.5652 1.0000 0.9798 0.9842 0.9816
0.9841 0.4782 0.9808 0.9804 0.9839 0.5670 0.9798 1.0000 0.9777 0.9800
0.9792 0.4767 0.9782 0.9757 0.9783 0.5644 0.9842 0.9777 1.0000 0.9806
0.9823 0.4774 0.9808 0.9827 0.9840 0.5656 0.9816 0.9800 0.9806 1.0000
