  1:	0.994  0.004  0.002	35
  2:	0.005  0.178  0.817	17
  3:	0.068  0.902  0.030	41
  4:	0.006  0.009  0.985	34

  1:	0.005  0.003  0.992	35
  2:	0.179  0.815  0.006	17
  3:	0.892  0.033  0.075	41
  4:	0.010  0.982  0.008	34

  1:	0.002  0.005  0.993	35
  2:	0.811  0.184  0.006	17
  3:	0.032  0.896  0.072	41
  4:	0.983  0.010  0.007	34

  1:	0.003  0.005  0.992	35
  2:	0.813  0.181  0.006	17
  3:	0.030  0.899  0.071	41
  4:	0.983  0.010  0.008	34

  1:	0.004  0.003  0.993	35
  2:	0.181  0.814  0.005	17
  3:	0.905  0.028  0.067	41
  4:	0.009  0.985  0.006	34

  1:	0.003  0.992  0.005	35
  2:	0.816  0.006  0.177	17
  3:	0.033  0.074  0.893	41
  4:	0.981  0.008  0.011	34

  1:	0.005  0.993  0.003	35
  2:	0.181  0.006  0.813	17
  3:	0.892  0.073  0.035	41
  4:	0.009  0.007  0.984	34

  1:	0.004  0.993  0.002	35
  2:	0.183  0.005  0.812	17
  3:	0.905  0.067  0.027	41
  4:	0.010  0.006  0.984	34

  1:	0.002  0.005  0.993	35
  2:	0.810  0.185  0.005	17
  3:	0.027  0.905  0.068	41
  4:	0.983  0.010  0.007	34

  1:	0.002  0.992  0.006	35
  2:	0.813  0.006  0.182	17
  3:	0.033  0.068  0.899	41
  4:	0.984  0.007  0.009	34

