  1:	0.003  0.991  0.004  0.002	35
  2:	0.182  0.004  0.012  0.801	17
  3:	0.722  0.053  0.217  0.009	41
  4:	0.008  0.006  0.005  0.981	34

  1:	0.002  0.004  0.004  0.990	35
  2:	0.801  0.011  0.185  0.003	17
  3:	0.009  0.217  0.722  0.052	41
  4:	0.980  0.005  0.009  0.006	34

  1:	0.990  0.002  0.004  0.004	35
  2:	0.004  0.803  0.012  0.181	17
  3:	0.053  0.009  0.212  0.727	41
  4:	0.006  0.981  0.005  0.008	34

  1:	0.004  0.002  0.004  0.989	35
  2:	0.187  0.801  0.009  0.003	17
  3:	0.722  0.010  0.214  0.054	41
  4:	0.008  0.981  0.005  0.006	34

  1:	0.004  0.002  0.004  0.990	35
  2:	0.185  0.802  0.007  0.005	17
  3:	0.720  0.010  0.216  0.054	41
  4:	0.008  0.982  0.005  0.005	34

  1:	0.004  0.004  0.002  0.990	35
  2:	0.191  0.009  0.796  0.004	17
  3:	0.721  0.213  0.010  0.055	41
  4:	0.008  0.005  0.981  0.006	34

  1:	0.004  0.990  0.002  0.004	35
  2:	0.010  0.004  0.806  0.181	17
  3:	0.216  0.048  0.010  0.727	41
  4:	0.005  0.005  0.981  0.008	34

  1:	0.992  0.003  0.003  0.002	35
  2:	0.004  0.185  0.011  0.801	17
  3:	0.053  0.727  0.212  0.008	41
  4:	0.006  0.008  0.005  0.982	34

  1:	0.003  0.990  0.002  0.005	35
  2:	0.186  0.004  0.802  0.008	17
  3:	0.722  0.054  0.008  0.217	41
  4:	0.008  0.006  0.981  0.005	34

  1:	0.004  0.990  0.004  0.002	35
  2:	0.185  0.005  0.009  0.802	17
  3:	0.723  0.055  0.215  0.008	41
  4:	0.009  0.006  0.006  0.980	34

