  1:	0.004  0.988  0.004  0.003  0.002	35
  2:	0.004  0.003  0.120  0.092  0.781	17
  3:	0.210  0.054  0.562  0.166  0.009	41
  4:	0.005  0.005  0.007  0.009  0.974	34

  1:	0.003  0.988  0.003  0.002  0.004	35
  2:	0.094  0.005  0.100  0.793  0.008	17
  3:	0.397  0.059  0.327  0.011  0.206	41
  4:	0.006  0.006  0.007  0.976  0.005	34

  1:	0.987  0.002  0.003  0.004  0.004	35
  2:	0.004  0.790  0.108  0.091  0.007	17
  3:	0.056  0.010  0.409  0.316  0.209	41
  4:	0.006  0.974  0.008  0.007  0.005	34

  1:	0.003  0.988  0.003  0.003  0.002	35
  2:	0.019  0.004  0.175  0.010  0.792	17
  3:	0.323  0.060  0.399  0.208  0.010	41
  4:	0.007  0.005  0.008  0.005  0.975	34

  1:	0.004  0.003  0.002  0.987  0.004	35
  2:	0.097  0.091  0.797  0.004  0.012	17
  3:	0.323  0.404  0.012  0.054  0.207	41
  4:	0.007  0.008  0.975  0.005  0.005	34

  1:	0.004  0.004  0.043  0.948  0.002	35
  2:	0.177  0.015  0.002  0.003  0.803	17
  3:	0.721  0.212  0.012  0.045  0.010	41
  4:	0.008  0.006  0.003  0.006  0.978	34

  1:	0.003  0.003  0.002  0.988  0.004	35
  2:	0.089  0.099  0.798  0.005  0.010	17
  3:	0.307  0.416  0.009  0.057  0.211	41
  4:	0.008  0.007  0.975  0.006  0.005	34

  1:	0.003  0.003  0.005  0.002  0.987	35
  2:	0.106  0.087  0.008  0.795  0.004	17
  3:	0.316  0.407  0.207  0.013  0.058	41
  4:	0.007  0.008  0.005  0.974  0.005	34

  1:	0.003  0.003  0.002  0.004  0.988	35
  2:	0.166  0.024  0.796  0.011  0.003	17
  3:	0.471  0.256  0.008  0.207  0.059	41
  4:	0.008  0.006  0.976  0.005  0.005	34

  1:	0.002  0.004  0.988  0.003  0.004	35
  2:	0.799  0.109  0.006  0.078  0.008	17
  3:	0.009  0.399  0.056  0.322  0.214	41
  4:	0.973  0.006  0.006  0.010  0.005	34

