  1:	0.003  0.003  0.985  0.003  0.003  0.002	35
  2:	0.007  0.079  0.005  0.086  0.034  0.790	17
  3:	0.208  0.313  0.058  0.285  0.127  0.010	41
  4:	0.006  0.007  0.006  0.008  0.006  0.966	34

  1:	0.002  0.004  0.002  0.986  0.004  0.003	35
  2:	0.792  0.007  0.042  0.006  0.073  0.081	17
  3:	0.011  0.202  0.129  0.049  0.506  0.103	41
  4:	0.968  0.005  0.007  0.006  0.008  0.007	34

  1:	0.003  0.002  0.003  0.003  0.004  0.986	35
  2:	0.035  0.778  0.084  0.093  0.005  0.004	17
  3:	0.306  0.010  0.251  0.177  0.200  0.057	41
  4:	0.006  0.969  0.008  0.007  0.005  0.005	34

  1:	0.003  0.002  0.003  0.002  0.986  0.004	35
  2:	0.010  0.801  0.063  0.037  0.004  0.085	17
  3:	0.198  0.008  0.257  0.123  0.052  0.362	41
  4:	0.005  0.970  0.006  0.007  0.005  0.007	34

  1:	0.003  0.002  0.986  0.003  0.003  0.004	35
  2:	0.007  0.794  0.003  0.030  0.078  0.088	17
  3:	0.202  0.012  0.051  0.121  0.110  0.503	41
  4:	0.005  0.970  0.005  0.007  0.006  0.006	34

  1:	0.003  0.004  0.002  0.985  0.002  0.004	35
  2:	0.086  0.005  0.031  0.006  0.790  0.082	17
  3:	0.130  0.200  0.125  0.053  0.011  0.481	41
  4:	0.008  0.005  0.008  0.005  0.967  0.007	34

  1:	0.004  0.003  0.003  0.005  0.002  0.984	35
  2:	0.089  0.043  0.072  0.007  0.785  0.005	17
  3:	0.179  0.379  0.177  0.201  0.013  0.051	41
  4:	0.007  0.008  0.007  0.005  0.967  0.006	34

  1:	0.003  0.984  0.004  0.002  0.004  0.003	35
  2:	0.005  0.003  0.053  0.785  0.059  0.095	17
  3:	0.205  0.053  0.172  0.011  0.365  0.194	41
  4:	0.006  0.005  0.006  0.968  0.006  0.008	34

  1:	0.003  0.002  0.987  0.002  0.004  0.002	35
  2:	0.005  0.031  0.005  0.097  0.084  0.779	17
  3:	0.201  0.125  0.056  0.186  0.424  0.008	41
  4:	0.005  0.006  0.005  0.007  0.006  0.971	34

  1:	0.004  0.003  0.002  0.003  0.004  0.985	35
  2:	0.061  0.029  0.795  0.103  0.007  0.005	17
  3:	0.277  0.121  0.007  0.339  0.200  0.055	41
  4:	0.006  0.007  0.968  0.008  0.005  0.005	34

