  1:	0.037  0.030  0.933	45
  2:	0.005  0.048  0.946	43
  3:	0.992  0.005  0.003	35
  4:	0.077  0.039  0.884	11
  5:	0.102  0.860  0.038	17
  6:	0.553  0.374  0.073	41
  7:	0.025  0.905  0.070	34

  1:	0.042  0.920  0.038	45
  2:	0.011  0.037  0.952	43
  3:	0.991  0.005  0.004	35
  4:	0.041  0.913  0.046	11
  5:	0.383  0.049  0.568	17
  6:	0.715  0.079  0.205	41
  7:	0.375  0.081  0.544	34

  1:	0.921  0.043  0.036	45
  2:	0.037  0.010  0.952	43
  3:	0.005  0.991  0.004	35
  4:	0.914  0.042  0.044	11
  5:	0.047  0.383  0.570	17
  6:	0.076  0.717  0.208	41
  7:	0.078  0.374  0.547	34

  1:	0.043  0.920  0.037	45
  2:	0.011  0.036  0.953	43
  3:	0.991  0.005  0.004	35
  4:	0.044  0.912  0.043	11
  5:	0.384  0.045  0.572	17
  6:	0.717  0.076  0.207	41
  7:	0.375  0.077  0.548	34

  1:	0.036  0.921  0.043	45
  2:	0.954  0.036  0.010	43
  3:	0.004  0.004  0.992	35
  4:	0.043  0.916  0.041	11
  5:	0.571  0.047  0.382	17
  6:	0.210  0.074  0.716	41
  7:	0.548  0.078  0.374	34

  1:	0.036  0.029  0.935	45
  2:	0.005  0.046  0.949	43
  3:	0.992  0.005  0.003	35
  4:	0.074  0.035  0.890	11
  5:	0.102  0.860  0.039	17
  6:	0.562  0.352  0.086	41
  7:	0.025  0.902  0.073	34

  1:	0.031  0.036  0.933	45
  2:	0.051  0.006  0.943	43
  3:	0.005  0.992  0.003	35
  4:	0.035  0.080  0.886	11
  5:	0.857  0.101  0.042	17
  6:	0.365  0.556  0.079	41
  7:	0.900  0.027  0.073	34

  1:	0.919  0.043  0.038	45
  2:	0.037  0.011  0.952	43
  3:	0.005  0.991  0.004	35
  4:	0.903  0.047  0.050	11
  5:	0.045  0.382  0.572	17
  6:	0.076  0.716  0.208	41
  7:	0.078  0.374  0.548	34

  1:	0.036  0.030  0.935	45
  2:	0.005  0.047  0.948	43
  3:	0.992  0.005  0.003	35
  4:	0.076  0.033  0.891	11
  5:	0.101  0.860  0.039	17
  6:	0.556  0.371  0.073	41
  7:	0.024  0.903  0.073	34

  1:	0.934  0.037  0.029	45
  2:	0.945  0.005  0.049	43
  3:	0.003  0.992  0.005	35
  4:	0.887  0.078  0.035	11
  5:	0.041  0.104  0.855	17
  6:	0.087  0.565  0.347	41
  7:	0.072  0.026  0.902	34

