  1:	0.027  0.028  0.013  0.933	45
  2:	0.008  0.004  0.973  0.015	43
  3:	0.003  0.994  0.002  0.002	35
  4:	0.035  0.018  0.015  0.932	11
  5:	0.855  0.104  0.027  0.014	17
  6:	0.283  0.599  0.078  0.039	41
  7:	0.910  0.016  0.029  0.044	34

  1:	0.028  0.933  0.028  0.011	45
  2:	0.008  0.015  0.004  0.974	43
  3:	0.003  0.002  0.994  0.002	35
  4:	0.024  0.942  0.016  0.017	11
  5:	0.856  0.014  0.101  0.029	17
  6:	0.289  0.037  0.593  0.081	41
  7:	0.910  0.045  0.016  0.029	34

  1:	0.039  0.939  0.013  0.009	45
  2:	0.005  0.970  0.002  0.023	43
  3:	0.006  0.002  0.990  0.002	35
  4:	0.142  0.831  0.015  0.012	11
  5:	0.135  0.035  0.025  0.804	17
  6:	0.796  0.022  0.103  0.079	41
  7:	0.013  0.061  0.011  0.916	34

  1:	0.932  0.027  0.012  0.029	45
  2:	0.017  0.004  0.972  0.007	43
  3:	0.002  0.994  0.002  0.003	35
  4:	0.927  0.020  0.016  0.037	11
  5:	0.013  0.098  0.029  0.860	17
  6:	0.043  0.588  0.068  0.301	41
  7:	0.043  0.017  0.031  0.909	34

  1:	0.932  0.013  0.027  0.028	45
  2:	0.016  0.973  0.008  0.004	43
  3:	0.002  0.002  0.003  0.994	35
  4:	0.935  0.019  0.028  0.018	11
  5:	0.015  0.029  0.852  0.104	17
  6:	0.036  0.085  0.279  0.599	41
  7:	0.043  0.027  0.914  0.016	34

  1:	0.028  0.013  0.932  0.028	45
  2:	0.004  0.972  0.017  0.007	43
  3:	0.994  0.002  0.002  0.003	35
  4:	0.018  0.016  0.936  0.029	11
  5:	0.105  0.030  0.015  0.850	17
  6:	0.604  0.085  0.044  0.268	41
  7:	0.018  0.029  0.045  0.908	34

  1:	0.027  0.933  0.027  0.012	45
  2:	0.004  0.016  0.008  0.972	43
  3:	0.994  0.002  0.002  0.002	35
  4:	0.017  0.932  0.035  0.016	11
  5:	0.103  0.012  0.850  0.035	17
  6:	0.593  0.037  0.294  0.076	41
  7:	0.014  0.043  0.913  0.030	34

  1:	0.028  0.027  0.932  0.012	45
  2:	0.004  0.007  0.015  0.974	43
  3:	0.994  0.002  0.002  0.002	35
  4:	0.019  0.026  0.934  0.020	11
  5:	0.102  0.852  0.015  0.031	17
  6:	0.600  0.281  0.038  0.081	41
  7:	0.017  0.911  0.045  0.028	34

  1:	0.933  0.028  0.012  0.028	45
  2:	0.015  0.008  0.974  0.004	43
  3:	0.002  0.003  0.002  0.994	35
  4:	0.927  0.036  0.020  0.018	11
  5:	0.016  0.850  0.031  0.103	17
  6:	0.038  0.278  0.084  0.599	41
  7:	0.042  0.908  0.032  0.018	34

  1:	0.040  0.909  0.024  0.028	45
  2:	0.008  0.020  0.015  0.957	43
  3:	0.992  0.003  0.003  0.002	35
  4:	0.003  0.010  0.963  0.024	11
  5:	0.383  0.033  0.021  0.563	17
  6:	0.716  0.052  0.036  0.196	41
  7:	0.374  0.050  0.029  0.547	34

