  1:	0.938  0.036  0.007  0.010  0.009	45
  2:	0.012  0.004  0.002  0.004  0.978	43
  3:	0.001  0.006  0.989  0.003  0.001	35
  4:	0.908  0.054  0.006  0.020  0.011	11
  5:	0.012  0.132  0.023  0.807  0.026	17
  6:	0.016  0.784  0.104  0.087  0.009	41
  7:	0.040  0.012  0.008  0.914  0.027	34

  1:	0.028  0.029  0.012  0.010  0.921	45
  2:	0.003  0.006  0.973  0.009  0.009	43
  3:	0.994  0.002  0.001  0.001  0.002	35
  4:	0.002  0.004  0.019  0.968  0.008	11
  5:	0.101  0.855  0.022  0.007  0.014	17
  6:	0.597  0.284  0.074  0.023  0.023	41
  7:	0.013  0.917  0.024  0.016  0.030	34

  1:	0.028  0.012  0.011  0.027  0.922	45
  2:	0.003  0.970  0.011  0.007  0.010	43
  3:	0.993  0.001  0.001  0.002  0.002	35
  4:	0.002  0.024  0.967  0.003  0.005	11
  5:	0.103  0.029  0.007  0.845  0.016	17
  6:	0.585  0.061  0.021  0.308  0.024	41
  7:	0.014  0.024  0.016  0.915  0.031	34

  1:	0.013  0.028  0.920  0.027  0.011	45
  2:	0.973  0.003  0.008  0.007  0.010	43
  3:	0.001  0.994  0.002  0.002  0.001	35
  4:	0.019  0.002  0.008  0.003  0.967	11
  5:	0.022  0.100  0.016  0.854  0.008	17
  6:	0.080  0.598  0.022  0.281  0.020	41
  7:	0.027  0.014  0.032  0.913  0.014	34

  1:	0.009  0.038  0.906  0.035  0.012	45
  2:	0.017  0.004  0.973  0.004  0.002	43
  3:	0.002  0.006  0.001  0.001  0.989	35
  4:	0.003  0.002  0.027  0.967  0.001	11
  5:	0.800  0.134  0.034  0.006  0.026	17
  6:	0.077  0.791  0.019  0.008  0.104	41
  7:	0.921  0.010  0.039  0.020  0.009	34

  1:	0.011  0.922  0.027  0.027  0.013	45
  2:	0.010  0.009  0.006  0.003  0.972	43
  3:	0.001  0.001  0.002  0.994  0.001	35
  4:	0.967  0.005  0.002  0.002  0.023	11
  5:	0.008  0.014  0.849  0.105  0.024	17
  6:	0.023  0.025  0.298  0.589  0.065	41
  7:	0.016  0.031  0.913  0.014  0.026	34

  1:	0.012  0.921  0.012  0.028  0.028	45
  2:	0.009  0.009  0.972  0.003  0.007	43
  3:	0.001  0.002  0.001  0.994  0.002	35
  4:	0.966  0.007  0.022  0.002  0.004	11
  5:	0.007  0.018  0.024  0.103  0.849	17
  6:	0.022  0.028  0.072  0.596  0.283	41
  7:	0.015  0.032  0.025  0.013  0.915	34

  1:	0.028  0.028  0.013  0.011  0.920	45
  2:	0.007  0.003  0.973  0.009  0.009	43
  3:	0.002  0.994  0.001  0.001  0.001	35
  4:	0.003  0.002  0.021  0.967  0.008	11
  5:	0.852  0.103  0.024  0.007  0.013	17
  6:	0.278  0.598  0.079  0.021  0.025	41
  7:	0.914  0.013  0.025  0.017  0.030	34

  1:	0.013  0.920  0.012  0.028  0.026	45
  2:	0.009  0.010  0.971  0.003  0.006	43
  3:	0.001  0.002  0.001  0.994  0.002	35
  4:	0.967  0.008  0.020  0.002  0.003	11
  5:	0.006  0.016  0.026  0.104  0.848	17
  6:	0.023  0.028  0.071  0.599  0.279	41
  7:	0.016  0.029  0.026  0.015  0.913	34

  1:	0.922  0.027  0.028  0.011  0.012	45
  2:	0.009  0.006  0.003  0.009  0.972	43
  3:	0.002  0.002  0.994  0.001  0.001	35
  4:	0.008  0.002  0.002  0.967  0.021	11
  5:	0.017  0.853  0.100  0.007  0.022	17
  6:	0.026  0.287  0.593  0.021  0.073	41
  7:	0.031  0.914  0.014  0.016  0.026	34

