  1:	0.009  0.667  0.024  0.263  0.008  0.028	45
  2:	0.965  0.009  0.007  0.007  0.009  0.003	43
  3:	0.001  0.002  0.002  0.002  0.001  0.992	35
  4:	0.016  0.009  0.004  0.003  0.965  0.002	11
  5:	0.025  0.014  0.832  0.011  0.008  0.109	17
  6:	0.068  0.026  0.263  0.016  0.024  0.604	41
  7:	0.025  0.020  0.907  0.016  0.017  0.014	34

  1:	0.009  0.011  0.010  0.035  0.010  0.926	45
  2:	0.002  0.005  0.973  0.004  0.009  0.007	43
  3:	0.990  0.002  0.001  0.005  0.001  0.001	35
  4:	0.001  0.004  0.015  0.002  0.968  0.010	11
  5:	0.024  0.796  0.022  0.134  0.007  0.016	17
  6:	0.110  0.079  0.013  0.778  0.008  0.013	41
  7:	0.008  0.907  0.027  0.015  0.013  0.030	34

  1:	0.011  0.008  0.009  0.011  0.924  0.037	45
  2:	0.005  0.002  0.009  0.974  0.007  0.003	43
  3:	0.002  0.989  0.001  0.001  0.001  0.005	35
  4:	0.002  0.001  0.968  0.023  0.005  0.002	11
  5:	0.803  0.024  0.007  0.017  0.013  0.135	17
  6:	0.079  0.101  0.007  0.010  0.014  0.789	41
  7:	0.913  0.008  0.017  0.024  0.026  0.011	34

  1:	0.007  0.010  0.009  0.009  0.927  0.038	45
  2:	0.002  0.974  0.009  0.005  0.007  0.003	43
  3:	0.990  0.001  0.001  0.002  0.001  0.005	35
  4:	0.001  0.017  0.968  0.002  0.010  0.002	11
  5:	0.022  0.026  0.006  0.795  0.017  0.134	17
  6:	0.101  0.012  0.008  0.077  0.013  0.789	41
  7:	0.008  0.028  0.014  0.911  0.029  0.010	34

  1:	0.034  0.923  0.010  0.012  0.011  0.009	45
  2:	0.004  0.008  0.008  0.005  0.974  0.002	43
  3:	0.005  0.001  0.001  0.002  0.001  0.989	35
  4:	0.001  0.008  0.967  0.002  0.022  0.001	11
  5:	0.126  0.013  0.006  0.804  0.027  0.025	17
  6:	0.760  0.014  0.009  0.095  0.010  0.114	41
  7:	0.011  0.026  0.017  0.913  0.025  0.008	34

  1:	0.012  0.010  0.013  0.928  0.029  0.009	45
  2:	0.002  0.974  0.005  0.007  0.004  0.009	43
  3:	0.988  0.001  0.002  0.001  0.006  0.001	35
  4:	0.001  0.023  0.002  0.005  0.001  0.968	11
  5:	0.027  0.023  0.803  0.016  0.125  0.006	17
  6:	0.115  0.012  0.090  0.015  0.760  0.008	41
  7:	0.008  0.024  0.916  0.027  0.009  0.015	34

  1:	0.927  0.009  0.037  0.007  0.011  0.009	45
  2:	0.007  0.975  0.003  0.002  0.005  0.008	43
  3:	0.001  0.001  0.006  0.989  0.002  0.001	35
  4:	0.008  0.019  0.001  0.001  0.002  0.968	11
  5:	0.015  0.019  0.137  0.022  0.802  0.005	17
  6:	0.013  0.011  0.794  0.101  0.073  0.007	41
  7:	0.029  0.026  0.013  0.009  0.909  0.014	34

  1:	0.010  0.010  0.035  0.927  0.008  0.008	45
  2:	0.005  0.974  0.004  0.007  0.002  0.009	43
  3:	0.002  0.001  0.005  0.001  0.989  0.001	35
  4:	0.002  0.018  0.002  0.009  0.001  0.968	11
  5:	0.793  0.024  0.133  0.017  0.026  0.007	17
  6:	0.077  0.011  0.786  0.013  0.104  0.009	41
  7:	0.906  0.027  0.015  0.030  0.008  0.013	34

  1:	0.009  0.038  0.010  0.007  0.927  0.008	45
  2:	0.976  0.003  0.004  0.002  0.006  0.008	43
  3:	0.002  0.005  0.002  0.989  0.001  0.001	35
  4:	0.020  0.002  0.003  0.001  0.006  0.968	11
  5:	0.024  0.139  0.792  0.025  0.015  0.005	17
  6:	0.012  0.796  0.070  0.101  0.014  0.007	41
  7:	0.024  0.012  0.911  0.008  0.030  0.014	34

  1:	0.010  0.009  0.006  0.039  0.926  0.009	45
  2:	0.973  0.004  0.002  0.004  0.007  0.010	43
  3:	0.001  0.002  0.989  0.005  0.001  0.001	35
  4:	0.020  0.001  0.001  0.002  0.007  0.969	11
  5:	0.025  0.796  0.027  0.129  0.016  0.006	17
  6:	0.010  0.080  0.106  0.782  0.014  0.008	41
  7:	0.026  0.908  0.008  0.014  0.028  0.016	34

