  1:	0.003  0.006  0.007  0.926  0.006  0.010  0.043	45
  2:	0.003  0.005  0.009  0.007  0.002  0.972  0.003	43
  3:	0.005  0.002  0.001  0.001  0.986  0.001  0.003	35
  4:	0.001  0.002  0.966  0.003  0.001  0.024  0.002	11
  5:	0.017  0.715  0.006  0.017  0.005  0.025  0.215	17
  6:	0.322  0.012  0.007  0.010  0.068  0.005  0.576	41
  7:	0.006  0.898  0.016  0.028  0.006  0.027  0.020	34

  1:	0.921  0.011  0.007  0.009  0.042  0.003  0.007	45
  2:	0.007  0.973  0.005  0.007  0.004  0.003  0.002	43
  3:	0.001  0.001  0.002  0.001  0.003  0.005  0.987	35
  4:	0.006  0.019  0.004  0.967  0.002  0.002  0.001	11
  5:	0.019  0.025  0.710  0.007  0.210  0.023  0.006	17
  6:	0.008  0.005  0.009  0.011  0.524  0.370  0.074	41
  7:	0.026  0.033  0.885  0.018  0.024  0.006  0.008	34

  1:	0.010  0.008  0.924  0.007  0.004  0.040  0.007	45
  2:	0.971  0.009  0.007  0.004  0.003  0.004  0.002	43
  3:	0.001  0.001  0.001  0.002  0.004  0.003  0.986	35
  4:	0.024  0.966  0.003  0.003  0.001  0.002  0.001	11
  5:	0.026  0.005  0.016  0.721  0.012  0.212  0.008	17
  6:	0.004  0.008  0.009  0.013  0.319  0.579  0.068	41
  7:	0.026  0.016  0.031  0.894  0.006  0.019  0.009	34

  1:	0.006  0.924  0.010  0.043  0.006  0.004  0.007	45
  2:	0.008  0.007  0.970  0.004  0.002  0.003  0.005	43
  3:	0.001  0.001  0.001  0.003  0.987  0.005  0.002	35
  4:	0.966  0.005  0.023  0.002  0.001  0.002  0.002	11
  5:	0.007  0.015  0.028  0.209  0.008  0.019  0.714	17
  6:	0.011  0.011  0.005  0.548  0.072  0.340  0.014	41
  7:	0.013  0.033  0.030  0.027  0.008  0.006  0.883	34

  1:	0.904  0.044  0.008  0.029  0.004  0.005  0.005	45
  2:	0.964  0.004  0.002  0.004  0.020  0.003  0.003	43
  3:	0.001  0.003  0.985  0.001  0.002  0.003  0.005	35
  4:	0.026  0.001  0.001  0.965  0.003  0.001  0.002	11
  5:	0.037  0.225  0.005  0.007  0.701  0.020  0.006	17
  6:	0.006  0.505  0.063  0.003  0.010  0.194  0.220	41
  7:	0.043  0.021  0.009  0.022  0.893  0.008  0.005	34

  1:	0.008  0.006  0.926  0.004  0.043  0.006  0.007	45
  2:	0.973  0.002  0.006  0.003  0.003  0.004  0.008	43
  3:	0.001  0.986  0.001  0.005  0.003  0.002  0.001	35
  4:	0.023  0.001  0.004  0.001  0.002  0.003  0.967	11
  5:	0.027  0.006  0.018  0.014  0.215  0.715  0.006	17
  6:	0.004  0.068  0.009  0.316  0.581  0.013  0.009	41
  7:	0.029  0.007  0.030  0.005  0.019  0.895  0.016	34

  1:	0.901  0.005  0.004  0.006  0.031  0.046  0.008	45
  2:	0.962  0.003  0.020  0.004  0.004  0.005  0.002	43
  3:	0.001  0.005  0.002  0.004  0.001  0.003  0.983	35
  4:	0.028  0.002  0.001  0.001  0.965  0.002  0.001	11
  5:	0.034  0.009  0.682  0.035  0.007  0.227  0.006	17
  6:	0.008  0.302  0.009  0.402  0.008  0.204  0.067	41
  7:	0.045  0.005  0.881  0.015  0.024  0.018  0.011	34

  1:	0.041  0.010  0.007  0.003  0.925  0.007  0.007	45
  2:	0.004  0.972  0.008  0.003  0.006  0.005  0.002	43
  3:	0.004  0.001  0.001  0.005  0.001  0.002  0.986	35
  4:	0.001  0.022  0.967  0.001  0.004  0.003  0.001	11
  5:	0.217  0.020  0.006  0.016  0.014  0.723  0.005	17
  6:	0.574  0.005  0.010  0.326  0.009  0.009  0.067	41
  7:	0.022  0.028  0.015  0.005  0.031  0.890  0.009	34

  1:	0.007  0.042  0.007  0.006  0.925  0.010  0.003	45
  2:	0.009  0.004  0.004  0.002  0.006  0.972  0.002	43
  3:	0.001  0.004  0.002  0.987  0.001  0.001  0.004	35
  4:	0.965  0.001  0.002  0.001  0.004  0.024  0.001	11
  5:	0.007  0.212  0.714  0.006  0.019  0.026  0.016	17
  6:	0.009  0.572  0.008  0.066  0.010  0.005  0.330	41
  7:	0.016  0.021  0.892  0.007  0.030  0.027  0.006	34

  1:	0.007  0.924  0.003  0.010  0.042  0.008  0.007	45
  2:	0.002  0.006  0.003  0.972  0.004  0.004  0.008	43
  3:	0.985  0.001  0.005  0.001  0.003  0.002  0.001	35
  4:	0.001  0.006  0.001  0.023  0.001  0.002  0.966	11
  5:	0.005  0.018  0.013  0.027  0.219  0.711  0.006	17
  6:	0.070  0.009  0.309  0.006  0.586  0.012  0.008	41
  7:	0.008  0.030  0.005  0.029  0.022  0.889  0.018	34

