  1:	0.008  0.006  0.026  0.009  0.014  0.007  0.006  0.923	45
  2:	0.003  0.003  0.004  0.970  0.002  0.008  0.004  0.006	43
  3:	0.002  0.004  0.003  0.001  0.985  0.001  0.002  0.001	35
  4:	0.001  0.001  0.001  0.022  0.001  0.965  0.003  0.004	11
  5:	0.126  0.021  0.208  0.019  0.006  0.005  0.600  0.016	17
  6:	0.004  0.330  0.550  0.005  0.075  0.008  0.016  0.010	41
  7:	0.009  0.006  0.025  0.033  0.007  0.014  0.878  0.029	34

  1:	0.004  0.922  0.007  0.003  0.042  0.006  0.011  0.005	45
  2:	0.003  0.007  0.009  0.004  0.003  0.004  0.969  0.002	43
  3:	0.004  0.001  0.001  0.003  0.003  0.002  0.001  0.984	35
  4:	0.001  0.004  0.965  0.002  0.002  0.003  0.022  0.001	11
  5:	0.008  0.013  0.006  0.131  0.117  0.668  0.051  0.006	17
  6:	0.269  0.006  0.007  0.483  0.147  0.015  0.004  0.068	41
  7:	0.005  0.029  0.017  0.018  0.013  0.881  0.030  0.006	34

  1:	0.008  0.920  0.011  0.006  0.004  0.038  0.005  0.007	45
  2:	0.008  0.007  0.969  0.004  0.003  0.004  0.003  0.002	43
  3:	0.001  0.001  0.001  0.002  0.002  0.003  0.004  0.986	35
  4:	0.965  0.004  0.024  0.001  0.001  0.002  0.001  0.001	11
  5:	0.006  0.015  0.023  0.591  0.128  0.215  0.016  0.006	17
  6:	0.011  0.010  0.005  0.023  0.003  0.538  0.335  0.076	41
  7:	0.017  0.030  0.028  0.874  0.011  0.029  0.005  0.007	34

  1:	0.009  0.041  0.918  0.005  0.004  0.011  0.006  0.007	45
  2:	0.008  0.003  0.006  0.002  0.004  0.970  0.004  0.002	43
  3:	0.001  0.003  0.001  0.983  0.003  0.001  0.002  0.006	35
  4:	0.965  0.001  0.005  0.001  0.002  0.023  0.001  0.001	11
  5:	0.007  0.112  0.017  0.005  0.123  0.022  0.704  0.009	17
  6:	0.008  0.133  0.008  0.067  0.485  0.005  0.016  0.278	41
  7:	0.017  0.010  0.030  0.007  0.018  0.028  0.884  0.006	34

  1:	0.007  0.010  0.042  0.004  0.919  0.004  0.007  0.007	45
  2:	0.010  0.967  0.004  0.003  0.007  0.003  0.005  0.002	43
  3:	0.001  0.001  0.003  0.005  0.001  0.004  0.002  0.983	35
  4:	0.965  0.017  0.002  0.001  0.009  0.001  0.003  0.001	11
  5:	0.007  0.050  0.178  0.006  0.015  0.110  0.627  0.008	17
  6:	0.006  0.004  0.151  0.276  0.008  0.457  0.018  0.079	41
  7:	0.014  0.034  0.018  0.005  0.031  0.023  0.866  0.007	34

  1:	0.004  0.917  0.006  0.006  0.012  0.008  0.043  0.004	45
  2:	0.003  0.007  0.005  0.002  0.968  0.008  0.003  0.004	43
  3:	0.005  0.001  0.002  0.983  0.001  0.001  0.003  0.004	35
  4:	0.001  0.005  0.002  0.001  0.023  0.964  0.002  0.002	11
  5:	0.011  0.018  0.679  0.011  0.042  0.007  0.099  0.133	17
  6:	0.280  0.008  0.018  0.075  0.004  0.007  0.150  0.457	41
  7:	0.006  0.027  0.879  0.007  0.028  0.017  0.013  0.022	34

  1:	0.005  0.005  0.920  0.004  0.045  0.007  0.004  0.011	45
  2:	0.003  0.005  0.006  0.002  0.003  0.010  0.004  0.968	43
  3:	0.005  0.002  0.001  0.984  0.003  0.001  0.004  0.001	35
  4:	0.002  0.002  0.007  0.001  0.002  0.965  0.001  0.020	11
  5:	0.009  0.712  0.016  0.006  0.089  0.006  0.132  0.031	17
  6:	0.279  0.016  0.007  0.072  0.157  0.007  0.457  0.005	41
  7:	0.005  0.879  0.031  0.007  0.014  0.014  0.020  0.030	34

  1:	0.010  0.005  0.005  0.004  0.040  0.897  0.008  0.031	45
  2:	0.002  0.003  0.021  0.011  0.004  0.950  0.005  0.004	43
  3:	0.982  0.005  0.002  0.002  0.004  0.001  0.002  0.001	35
  4:	0.001  0.002  0.001  0.001  0.002  0.028  0.002  0.962	11
  5:	0.008  0.009  0.495  0.229  0.126  0.037  0.090  0.007	17
  6:	0.075  0.291  0.007  0.024  0.476  0.009  0.110  0.008	41
  7:	0.007  0.006  0.443  0.449  0.013  0.052  0.009  0.021	34

  1:	0.012  0.042  0.918  0.006  0.008  0.006  0.005  0.004	45
  2:	0.966  0.004  0.007  0.002  0.009  0.004  0.005  0.003	43
  3:	0.001  0.004  0.001  0.984  0.001  0.002  0.002  0.005	35
  4:	0.023  0.001  0.003  0.001  0.966  0.003  0.001  0.002	11
  5:	0.022  0.208  0.017  0.007  0.005  0.446  0.283  0.012	17
  6:	0.006  0.570  0.011  0.073  0.008  0.014  0.004  0.314	41
  7:	0.030  0.024  0.029  0.006  0.015  0.782  0.109  0.005	34

  1:	0.006  0.027  0.010  0.922  0.008  0.008  0.005  0.014	45
  2:	0.005  0.004  0.968  0.006  0.009  0.002  0.003  0.003	43
  3:	0.002  0.004  0.001  0.001  0.001  0.984  0.004  0.003	35
  4:	0.001  0.001  0.021  0.006  0.966  0.001  0.002  0.002	11
  5:	0.613  0.207  0.029  0.017  0.006  0.005  0.019  0.104	17
  6:	0.013  0.556  0.004  0.007  0.009  0.072  0.335  0.004	41
  7:	0.879  0.023  0.033  0.030  0.016  0.007  0.005  0.008	34

