1.0000 0.6223 0.9840 0.9793 0.4755 0.9802 0.9735 0.9827 0.9799 0.9761
0.6223 1.0000 0.6219 0.6217 0.4005 0.6218 0.6226 0.6221 0.6226 0.6213
0.9840 0.6219 1.0000 0.9828 0.4754 0.9811 0.9748 0.9829 0.9789 0.9777
0.9793 0.6217 0.9828 1.0000 0.4760 0.9798 0.9766 0.9810 0.9766 0.9800
0.4755 0.4005 0.4754 0.4760 1.0000 0.4758 0.4748 0.4754 0.4743 0.4760
0.9802 0.6218 0.9811 0.9798 0.4758 1.0000 0.9739 0.9807 0.9820 0.9779
0.9735 0.6226 0.9748 0.9766 0.4748 0.9739 1.0000 0.9782 0.9760 0.9781
0.9827 0.6221 0.9829 0.9810 0.4754 0.9807 0.9782 1.0000 0.9806 0.9810
0.9799 0.6226 0.9789 0.9766 0.4743 0.9820 0.9760 0.9806 1.0000 0.9760
0.9761 0.6213 0.9777 0.9800 0.4760 0.9779 0.9781 0.9810 0.9760 1.0000
