1.0000 0.5617 0.9907 0.9910 0.5634 0.5614 0.5634 0.9921 0.9909 0.5611
0.5617 1.0000 0.5607 0.5611 0.9851 0.9831 0.9812 0.5607 0.5609 0.9892
0.9907 0.5607 1.0000 0.9915 0.5624 0.5604 0.5624 0.9922 0.9909 0.5602
0.9910 0.5611 0.9915 1.0000 0.5628 0.5608 0.5628 0.9924 0.9919 0.5606
0.5634 0.9851 0.5624 0.5628 1.0000 0.9850 0.9860 0.5625 0.5626 0.9868
0.5614 0.9831 0.5604 0.5608 0.9850 1.0000 0.9873 0.5605 0.5606 0.9845
0.5634 0.9812 0.5624 0.5628 0.9860 0.9873 1.0000 0.5625 0.5627 0.9828
0.9921 0.5607 0.9922 0.9924 0.5625 0.5605 0.5625 1.0000 0.9918 0.5602
0.9909 0.5609 0.9909 0.9919 0.5626 0.5606 0.5627 0.9918 1.0000 0.5604
0.5611 0.9892 0.5602 0.5606 0.9868 0.9845 0.9828 0.5602 0.5604 1.0000
