1.0000 0.9699 0.9568 0.8264 0.8153 0.8214 0.8074 0.8195 0.4865 0.8953
0.9699 1.0000 0.9628 0.8215 0.8092 0.8130 0.7997 0.8125 0.4831 0.8972
0.9568 0.9628 1.0000 0.8135 0.7999 0.8048 0.7909 0.8039 0.4841 0.9017
0.8264 0.8215 0.8135 1.0000 0.9432 0.9431 0.9327 0.9477 0.5030 0.7944
0.8153 0.8092 0.7999 0.9432 1.0000 0.9408 0.9585 0.9682 0.4972 0.7829
0.8214 0.8130 0.8048 0.9431 0.9408 1.0000 0.9513 0.9508 0.5066 0.7860
0.8074 0.7997 0.7909 0.9327 0.9585 0.9513 1.0000 0.9654 0.4996 0.7737
0.8195 0.8125 0.8039 0.9477 0.9682 0.9508 0.9654 1.0000 0.5010 0.7852
0.4865 0.4831 0.4841 0.5030 0.4972 0.5066 0.4996 0.5010 1.0000 0.4794
0.8953 0.8972 0.9017 0.7944 0.7829 0.7860 0.7737 0.7852 0.4794 1.0000
